nicered = [192,0,0]/255;
niceblue = [31,72,204]/255;
nicegreen = [0.06,0.44,0.08];